1
2
1
3
2
1
4
3
2
5
1
4
3
6
2
5
1
4
7
3
6
2
5
8
1
4
7
3
6
9
2
5
8
1
4
7
10
3
6
9
2
5
8
1
11
4
7
10
3
6
9
2
12
5
8
1
11
4
7
10
3
13
6
9
2
12
5
8
1
11
4
14
7
10
3
13
6
9
2
12
5
15
8
1
11
4
14
7
10
3
13
6
16
9
2
12
5
15
8
1
11
4
14
7
17
10
3
13
6
16
9
2
12
5
15
8
1
18
11
4
14
7
17
10
3
13
6
16
9
2
19
12
5
15
8
1
18
11
4
14
7
17
10
3
13
6
16
9
2
19
12
5
15
8
1
18
11
4
14
7
17
10
3
13
6
16
9
2
19
12
5
15
8
1
18
11
4
14
7
17
10
3
13
6
16
9
2
19
12
5
15
8
1
18
11
4
14
7
17
10
3
13
6
16
9
2
19
12
5
15
8
1
18
11
4
14
7
17
10
3
13
6
16
9
2
19
12
5
15
8
1
18
11
4
14
7
17
10
3
13
6
16
9
2
19
12
5
15
8
18
11
4
14
7
17
10
3
13
6
16
9
19
12
5
15
8
18
11
4
14
7
17
10
13
6
16
9
19
12
5
15
8
18
11
14
7
17
10
13
6
16
9
19
12
15
8
18
11
14
7
17
10
13
16
9
19
12
15
8
18
11
14
17
10
13
16
9
19
12
15
18
11
14
17
10
13
16
19
12
15
18
11
14
17
13
16
19
12
15
18
14
17
13
16
19
15
18
14
17
16
19
15
18
17
16
19
18
17
19
18
19
