1
2
1
3
2
1
4
3
2
5
1
4
3
6
2
5
1
4
7
3
6
2
5
8
1
4
7
3
6
9
2
5
8
1
4
7
10
3
6
9
2
5
8
1
11
4
7
10
3
6
9
2
12
5
8
1
11
4
7
10
3
13
6
9
2
12
5
8
1
11
4
14
7
10
3
13
6
9
2
12
5
15
8
1
11
4
14
7
10
3
13
6
16
9
2
12
5
15
8
1
11
4
14
7
17
10
3
13
6
16
9
2
12
5
15
8
1
18
11
4
14
7
17
10
3
13
6
16
9
2
19
12
5
15
8
1
18
11
4
14
7
17
10
3
20
13
6
16
9
2
19
12
5
15
8
1
18
11
4
21
14
7
17
10
3
20
13
6
16
9
2
19
12
5
22
15
8
1
18
11
4
21
14
7
17
10
3
20
13
6
23
16
9
2
19
12
5
22
15
8
1
18
11
4
21
14
7
24
17
10
3
20
13
6
23
16
9
2
19
12
5
22
15
8
25
1
18
11
4
21
14
7
24
17
10
3
20
13
6
23
16
9
26
2
19
12
5
22
15
8
25
1
18
11
4
21
14
7
24
17
10
3
20
13
6
23
16
9
26
2
19
12
5
22
15
8
25
1
18
11
4
21
14
7
24
17
10
3
20
13
6
23
16
9
26
2
19
12
5
22
15
8
25
1
18
11
4
21
14
7
24
17
10
3
20
13
6
23
16
9
26
2
19
12
5
22
15
8
25
1
18
11
4
21
14
7
24
17
10
3
20
13
6
23
16
9
26
2
19
12
5
22
15
8
25
1
18
11
4
21
14
7
24
17
10
3
20
13
6
23
16
9
26
2
19
12
5
22
15
8
25
1
18
11
4
21
14
7
24
17
10
3
20
13
6
23
16
9
26
2
19
12
5
22
15
8
25
1
18
11
4
21
14
7
24
17
10
3
20
13
6
23
16
9
26
2
19
12
5
22
15
8
25
1
18
11
4
21
14
7
24
17
10
3
20
13
6
23
16
9
26
2
19
12
5
22
15
8
25
18
11
4
21
14
7
24
17
10
3
20
13
6
23
16
9
26
19
12
5
22
15
8
25
18
11
4
21
14
7
24
17
10
20
13
6
23
16
9
26
19
12
5
22
15
8
25
18
11
21
14
7
24
17
10
20
13
6
23
16
9
26
19
12
22
15
8
25
18
11
21
14
7
24
17
10
20
13
23
16
9
26
19
12
22
15
8
25
18
11
21
14
24
17
10
20
13
23
16
9
26
19
12
22
15
25
18
11
21
14
24
17
10
20
13
23
16
26
19
12
22
15
25
18
11
21
14
24
17
20
13
23
16
26
19
12
22
15
25
18
21
14
24
17
20
13
23
16
26
19
22
15
25
18
21
14
24
17
20
23
16
26
19
22
15
25
18
21
24
17
20
23
16
26
19
22
25
18
21
24
17
20
23
26
19
22
25
18
21
24
20
23
26
19
22
25
21
24
20
23
26
22
25
21
24
23
26
22
25
24
23
26
25
24
26
25
26
